TITLE     = "Convertido de GMV a Tecplot y paraview GMV2TECPLOT 2.1"
VARIABLES = "x"
"y"
"z"
"velocityX"
"velocityY"
"velocityZ"
"pressure"
"temp"
"density"
"tke"
"scl"
"totmass"
"nc7h16"
"o2"
"n2"
"co2"
"h2o"
"h"
"h2"
"o"
"n"
"oh"
"co"
"no"
"h2o2"
"ho2"
"ch3o"
"ch2o"
"hco"
"ch2"
"ch3"
"ch4"
"c2h3"
"c2h4"
"c2h5"
"c3h4"
"c3h5"
"c3h6"
"c3h7"
"c7h15-2"
"c7h15o2"
"c7ket12"
"c5h11co"
"phi"
"tracers"
"u_vel"
"v_vel"
"w_vel"
"radius"
"spwall"
ZONE T="PASO      11"
 STRANDID=2, SOLUTIONTIME=11
 I=141, J=1, K=1, ZONETYPE=Ordered
 DATAPACKING=BLOCK
 DT=(SINGLE SINGLE SINGLE SINGLE SINGLE SINGLE SINGLE SINGLE SINGLE SINGLE SINGLE SINGLE SINGLE SINGLE SINGLE SINGLE SINGLE SINGLE SINGLE SINGLE SINGLE SINGLE SINGLE SINGLE SINGLE SINGLE SINGLE SINGLE SINGLE SINGLE SINGLE SINGLE SINGLE SINGLE SINGLE SINGLE SINGLE SINGLE SINGLE SINGLE SINGLE SINGLE SINGLE SINGLE SINGLE SINGLE SINGLE SINGLE SINGLE SINGLE )
 PASSIVEVARLIST=[4-7,9-44]
 6.196100116E-01 5.874900222E-01 6.158400178E-01 6.054199934E-01 6.662200093E-01
 5.817099810E-01 6.357499957E-01 6.950700283E-01 7.169100046E-01 6.230300069E-01
 6.420900226E-01 7.340300083E-01 7.299100161E-01 6.559699774E-01 5.661600232E-01
 6.557400227E-01 7.149099708E-01 6.484000087E-01 4.967499971E-01 6.108999848E-01
 5.103999972E-01 5.397400260E-01 6.625099778E-01 5.745199919E-01 6.409299970E-01
 5.874900222E-01 6.301699877E-01 6.654000282E-01 5.237200260E-01 6.081600189E-01
 6.245899796E-01 5.393099785E-01 5.967000127E-01 5.431200266E-01 5.514500141E-01
 4.606800079E-01 4.520300031E-01 5.183699727E-01 4.699499905E-01 3.685800135E-01
 5.454699993E-01 5.335999727E-01 5.558099747E-01 4.454199970E-01 5.781700015E-01
 5.274099708E-01 4.965600073E-01 5.023400187E-01 3.909600079E-01 3.629800081E-01
 4.678600132E-01 4.659700096E-01 4.911699891E-01 5.111700296E-01 4.232099950E-01
 4.144000113E-01 4.704200029E-01 3.828800023E-01 4.423699975E-01 4.795199931E-01
 4.456900060E-01 2.818000019E-01 4.029299915E-01 3.522099853E-01 4.329400063E-01
 4.444299936E-01 4.441100061E-01 4.071399868E-01 3.976500034E-01 3.274399936E-01
 2.569899857E-01 3.024899960E-01 3.648299873E-01 2.222000062E-01 3.468199968E-01
 3.843599856E-01 3.368999958E-01 3.449000120E-01 2.651799917E-01 3.503400087E-01
 3.519000113E-01 3.225800097E-01 3.182899952E-01 2.867000103E-01 2.754000127E-01
 2.401999980E-01 2.681899965E-01 2.473299950E-01 2.844899893E-01 3.058100045E-01
 2.736299932E-01 1.799899936E-01 2.914800048E-01 2.654699981E-01 2.643699944E-01
 2.469100058E-01 2.394099981E-01 2.201900035E-01 2.412199974E-01 1.819899976E-01
 2.353699952E-01 1.732999980E-01 2.218299955E-01 1.881199926E-01 1.773999929E-01
 2.014099956E-01 1.368100047E-01 1.884900033E-01 1.493500024E-01 1.827400029E-01
 1.844400018E-01 1.483200043E-01 1.132500023E-01 1.302099973E-01 1.177700013E-01
 1.426399946E-01 8.087000251E-02 1.309300065E-01 1.194100007E-01 7.831899822E-02
 9.454099834E-02 1.073200032E-01 1.066000015E-01 9.245400131E-02 6.779699773E-02
 5.837199837E-02 7.774099708E-02 7.761099935E-02 7.178200036E-02 6.437999755E-02
 5.123399943E-02 5.349700153E-02 4.505499825E-02 3.845499828E-02 3.507800028E-02
 2.730300091E-02 1.997499913E-02 2.386900038E-02 1.353299990E-02 4.897099920E-03
 1.204099972E-03
 3.039599955E-01 3.532699943E-01 3.688800037E-01 4.782400131E-01 8.639100008E-03
 2.259700000E-01 1.772800088E-02 3.155899942E-01 2.678399980E-01 3.383199871E-01
 4.029499888E-01 7.952100039E-02 2.267899960E-01 3.526499867E-01 2.205899954E-01
 2.969900072E-01 2.001100034E-01 2.763400078E-01 4.601800144E-01 3.742200136E-01
 4.961900041E-02 4.467599988E-01 1.351500005E-01 3.946900070E-01 2.432900071E-01
 2.827500105E-01 1.743900031E-01 3.878699988E-02 3.210499883E-01 2.205500007E-01
 2.048600018E-01 3.161000013E-01 8.148600161E-02 2.903600037E-01 3.106400073E-01
 3.940399885E-01 3.620699942E-01 2.945699990E-01 3.771899939E-01 2.517600060E-01
 2.276999950E-01 2.243999988E-01 1.349100024E-01 1.766099930E-01 1.057399996E-02
 2.208500057E-01 1.911100000E-01 1.909999996E-01 3.462499976E-01 3.454400003E-01
 1.687500030E-01 2.463299930E-01 5.417799950E-02 1.056199968E-01 4.756800085E-02
 2.781400084E-01 5.078800023E-02 2.593500018E-01 1.835100055E-01 6.319800019E-02
 1.527799964E-01 1.993499994E-01 4.035000131E-02 1.861799955E-01 1.495700032E-01
 6.160299852E-02 8.769599954E-04 1.652500033E-01 1.241900027E-01 2.078099996E-01
 2.344599962E-01 2.924199998E-01 1.743399911E-02 1.300899982E-01 1.756000072E-01
 8.945000172E-02 1.426600069E-01 3.233100101E-02 3.241800144E-02 1.083000004E-01
 8.595199883E-02 1.441199929E-01 1.468899995E-01 1.672500074E-01 1.044899970E-01
 1.763900071E-01 1.540199965E-01 1.878499985E-01 1.127000004E-01 7.426799834E-02
 9.883700311E-02 7.240299881E-02 1.973499916E-02 1.136899963E-01 5.638999864E-02
 8.074499667E-02 1.116899997E-01 1.493400037E-01 1.029300019E-01 1.214699969E-01
 6.224200130E-02 2.622799948E-02 6.757400185E-02 1.238000020E-01 1.677799970E-02
 1.508599985E-02 5.889299884E-02 5.229799822E-02 1.277599931E-01 4.264700040E-02
 1.436599996E-02 9.291999787E-02 1.012799963E-01 1.023000032E-01 1.082699969E-01
 6.047200039E-02 6.244999915E-02 1.610499993E-02 3.291099891E-02 5.970500037E-02
 1.687400043E-02 3.356400132E-02 8.022099733E-03 3.293799981E-02 5.381900072E-02
 5.715800077E-02 3.313900158E-02 2.474500053E-02 2.049099887E-03 2.671400085E-02
 3.017400019E-02 2.308199927E-02 2.094399929E-02 1.691300049E-02 4.167700186E-03
 9.235899895E-03 4.903499968E-03 1.352800056E-03 8.855599910E-03 3.547499888E-03
 8.906699950E-04
 8.244000435E+00 7.520599842E+00 8.244000435E+00 7.741499901E+00 7.593900204E+00
 7.571100235E+00 7.611999989E+00 7.830500126E+00 7.862699986E+00 7.722099781E+00
 7.949399948E+00 8.242600441E+00 8.050000191E+00 7.925700188E+00 8.244000435E+00
 7.875199795E+00 8.039699554E+00 7.881899834E+00 7.812600136E+00 7.974199772E+00
 7.575699806E+00 7.945799828E+00 7.879600048E+00 7.998400211E+00 8.185000420E+00
 7.862299919E+00 7.884300232E+00 8.157799721E+00 7.800899982E+00 7.921599865E+00
 7.991099834E+00 7.875000000E+00 7.836500168E+00 7.905799866E+00 8.010899544E+00
 7.890100002E+00 7.849400043E+00 7.909500122E+00 7.977300167E+00 7.664899826E+00
 7.956799984E+00 7.933599949E+00 7.933199883E+00 7.744999886E+00 8.113800049E+00
 8.104399681E+00 7.891799927E+00 7.920700073E+00 7.891200066E+00 7.851399899E+00
 7.869999886E+00 8.186800003E+00 7.912000179E+00 8.003100395E+00 7.807099819E+00
 8.210599899E+00 7.909399986E+00 7.875699997E+00 7.937399864E+00 8.014200211E+00
 7.982699871E+00 7.749400139E+00 7.845200062E+00 7.843299866E+00 8.025199890E+00
 7.995699883E+00 8.168000221E+00 8.031999588E+00 7.959499836E+00 7.887000084E+00
 7.835800171E+00 8.048299789E+00 7.895500183E+00 7.764400005E+00 8.183400154E+00
 8.146699905E+00 7.958399773E+00 7.920800209E+00 7.810999870E+00 8.152199745E+00
 8.029100418E+00 8.026599884E+00 8.038900375E+00 7.978499889E+00 7.906700134E+00
 7.927299976E+00 7.962999821E+00 7.985099792E+00 8.000000000E+00 8.050200462E+00
 7.984499931E+00 7.851399899E+00 8.125399590E+00 8.108799934E+00 8.006799698E+00
 7.988599777E+00 8.022899628E+00 8.071000099E+00 8.100600243E+00 7.959300041E+00
 8.039199829E+00 7.919499874E+00 8.043499947E+00 8.071499825E+00 7.950600147E+00
 8.007399559E+00 7.932099819E+00 8.035499573E+00 8.062199593E+00 8.037599564E+00
 8.083100319E+00 8.040800095E+00 8.000399590E+00 8.089900017E+00 8.064100266E+00
 8.085900307E+00 7.976799965E+00 8.032299995E+00 8.027700424E+00 7.993700027E+00
 7.999199867E+00 8.055899620E+00 8.054800034E+00 8.036899567E+00 8.024499893E+00
 8.038900375E+00 8.053400040E+00 8.061900139E+00 8.058199883E+00 8.064599991E+00
 8.065899849E+00 8.092800140E+00 8.069000244E+00 8.100700378E+00 8.083800316E+00
 8.074999809E+00 8.067399979E+00 8.084500313E+00 8.072600365E+00 8.081299782E+00
 8.083000183E+00
 1.133400024E+03 1.516500000E+03 1.630800049E+03 4.611200195E+03 2.020599976E+02
 2.645899902E+03 3.009100098E+03 3.760500000E+03 4.426600098E+03 4.069300049E+03
 7.182000000E+03 9.749400391E+03 3.037100098E+03 4.448899902E+03 1.642300049E+03
 3.841000000E+03 2.742800049E+03 3.573899902E+03 5.943200195E+03 4.933200195E+03
 7.217800293E+02 5.977000000E+03 1.888699951E+03 5.356000000E+03 3.456399902E+03
 3.885899902E+03 2.500199951E+03 7.029299927E+02 4.544500000E+03 3.198600098E+03
 2.991699951E+03 4.642200195E+03 1.272300049E+03 4.367700195E+03 4.653500000E+03
 5.920899902E+03 5.575899902E+03 4.551600098E+03 5.899899902E+03 3.910100098E+03
 3.642399902E+03 3.637899902E+03 2.224899902E+03 2.915600098E+03 2.387799988E+02
 3.731100098E+03 3.290000000E+03 3.266100098E+03 5.987100098E+03 6.037100098E+03
 3.033100098E+03 4.413700195E+03 1.010799988E+03 1.964300049E+03 9.097899780E+02
 5.209399902E+03 9.746699829E+02 4.984000000E+03 3.575199951E+03 1.271800049E+03
 3.095100098E+03 4.044800049E+03 8.619299927E+02 3.911600098E+03 3.133600098E+03
 1.327699951E+03 6.047700119E+01 3.627500000E+03 2.773300049E+03 4.694600098E+03
 5.364600098E+03 6.736000000E+03 4.359299927E+02 3.126800049E+03 4.297799805E+03
 2.200399902E+03 3.616300049E+03 8.304899902E+02 8.460100098E+02 2.851399902E+03
 2.304000000E+03 3.955800049E+03 4.068199951E+03 4.697700195E+03 2.996000000E+03
 5.137899902E+03 4.531200195E+03 5.654600098E+03 3.482300049E+03 2.323199951E+03
 3.180699951E+03 2.344899902E+03 6.713300171E+02 3.860600098E+03 1.973599976E+03
 2.890100098E+03 4.060300049E+03 5.525100098E+03 3.865699951E+03 4.761500000E+03
 2.488699951E+03 1.081500000E+03 2.835399902E+03 5.413100098E+03 7.575399780E+02
 7.005399780E+02 2.747600098E+03 2.572100098E+03 6.390799805E+03 2.182100098E+03
 7.736400146E+02 5.110200195E+03 5.800399902E+03 6.124100098E+03 6.661799805E+03
 3.869699951E+03 4.201700195E+03 1.130800049E+03 2.409199951E+03 4.448600098E+03
 1.312800049E+03 2.884300049E+03 7.212899780E+02 3.016699951E+03 5.111000000E+03
 6.113799805E+03 3.677399902E+03 2.928300049E+03 2.653299866E+02 3.686899902E+03
 4.850200195E+03 3.901500000E+03 4.043199951E+03 3.709100098E+03 1.173800049E+03
 3.072500000E+03 1.882000000E+03 5.639500122E+02 4.559500000E+03 5.571200195E+03
 5.790399902E+03
 6.196100116E-01 5.874900222E-01 6.158400178E-01 6.054199934E-01 6.662200093E-01
 5.817099810E-01 6.357499957E-01 6.950700283E-01 7.169100046E-01 6.230300069E-01
 6.420900226E-01 7.340300083E-01 7.299100161E-01 6.559699774E-01 5.661600232E-01
 6.557400227E-01 7.149099708E-01 6.484000087E-01 4.967499971E-01 6.108999848E-01
 5.103999972E-01 5.397400260E-01 6.625099778E-01 5.745199919E-01 6.409299970E-01
 5.874900222E-01 6.301699877E-01 6.654000282E-01 5.237200260E-01 6.081600189E-01
 6.245899796E-01 5.393099785E-01 5.967000127E-01 5.431200266E-01 5.514500141E-01
 4.606800079E-01 4.520300031E-01 5.183699727E-01 4.699499905E-01 3.685800135E-01
 5.454699993E-01 5.335999727E-01 5.558099747E-01 4.454199970E-01 5.781700015E-01
 5.274099708E-01 4.965600073E-01 5.023400187E-01 3.909600079E-01 3.629800081E-01
 4.678600132E-01 4.659700096E-01 4.911699891E-01 5.111700296E-01 4.232099950E-01
 4.144000113E-01 4.704200029E-01 3.828800023E-01 4.423699975E-01 4.795199931E-01
 4.456900060E-01 2.818000019E-01 4.029299915E-01 3.522099853E-01 4.329400063E-01
 4.444299936E-01 4.441100061E-01 4.071399868E-01 3.976500034E-01 3.274399936E-01
 2.569899857E-01 3.024899960E-01 3.648299873E-01 2.222000062E-01 3.468199968E-01
 3.843599856E-01 3.368999958E-01 3.449000120E-01 2.651799917E-01 3.503400087E-01
 3.519000113E-01 3.225800097E-01 3.182899952E-01 2.867000103E-01 2.754000127E-01
 2.401999980E-01 2.681899965E-01 2.473299950E-01 2.844899893E-01 3.058100045E-01
 2.736299932E-01 1.799899936E-01 2.914800048E-01 2.654699981E-01 2.643699944E-01
 2.469100058E-01 2.394099981E-01 2.201900035E-01 2.412199974E-01 1.819899976E-01
 2.353699952E-01 1.732999980E-01 2.218299955E-01 1.881199926E-01 1.773999929E-01
 2.014099956E-01 1.368100047E-01 1.884900033E-01 1.493500024E-01 1.827400029E-01
 1.844400018E-01 1.483200043E-01 1.132500023E-01 1.302099973E-01 1.177700013E-01
 1.426399946E-01 8.087000251E-02 1.309300065E-01 1.194100007E-01 7.831899822E-02
 9.454099834E-02 1.073200032E-01 1.066000015E-01 9.245400131E-02 6.779699773E-02
 5.837199837E-02 7.774099708E-02 7.761099935E-02 7.178200036E-02 6.437999755E-02
 5.123399943E-02 5.349700153E-02 4.505499825E-02 3.845499828E-02 3.507800028E-02
 2.730300091E-02 1.997499913E-02 2.386900038E-02 1.353299990E-02 4.897099920E-03
 1.204099972E-03
 3.039599955E-01 3.532699943E-01 3.688800037E-01 4.782400131E-01 8.639100008E-03
 2.259700000E-01 1.772800088E-02 3.155899942E-01 2.678399980E-01 3.383199871E-01
 4.029499888E-01 7.952100039E-02 2.267899960E-01 3.526499867E-01 2.205899954E-01
 2.969900072E-01 2.001100034E-01 2.763400078E-01 4.601800144E-01 3.742200136E-01
 4.961900041E-02 4.467599988E-01 1.351500005E-01 3.946900070E-01 2.432900071E-01
 2.827500105E-01 1.743900031E-01 3.878699988E-02 3.210499883E-01 2.205500007E-01
 2.048600018E-01 3.161000013E-01 8.148600161E-02 2.903600037E-01 3.106400073E-01
 3.940399885E-01 3.620699942E-01 2.945699990E-01 3.771899939E-01 2.517600060E-01
 2.276999950E-01 2.243999988E-01 1.349100024E-01 1.766099930E-01 1.057399996E-02
 2.208500057E-01 1.911100000E-01 1.909999996E-01 3.462499976E-01 3.454400003E-01
 1.687500030E-01 2.463299930E-01 5.417799950E-02 1.056199968E-01 4.756800085E-02
 2.781400084E-01 5.078800023E-02 2.593500018E-01 1.835100055E-01 6.319800019E-02
 1.527799964E-01 1.993499994E-01 4.035000131E-02 1.861799955E-01 1.495700032E-01
 6.160299852E-02 8.769599954E-04 1.652500033E-01 1.241900027E-01 2.078099996E-01
 2.344599962E-01 2.924199998E-01 1.743399911E-02 1.300899982E-01 1.756000072E-01
 8.945000172E-02 1.426600069E-01 3.233100101E-02 3.241800144E-02 1.083000004E-01
 8.595199883E-02 1.441199929E-01 1.468899995E-01 1.672500074E-01 1.044899970E-01
 1.763900071E-01 1.540199965E-01 1.878499985E-01 1.127000004E-01 7.426799834E-02
 9.883700311E-02 7.240299881E-02 1.973499916E-02 1.136899963E-01 5.638999864E-02
 8.074499667E-02 1.116899997E-01 1.493400037E-01 1.029300019E-01 1.214699969E-01
 6.224200130E-02 2.622799948E-02 6.757400185E-02 1.238000020E-01 1.677799970E-02
 1.508599985E-02 5.889299884E-02 5.229799822E-02 1.277599931E-01 4.264700040E-02
 1.436599996E-02 9.291999787E-02 1.012799963E-01 1.023000032E-01 1.082699969E-01
 6.047200039E-02 6.244999915E-02 1.610499993E-02 3.291099891E-02 5.970500037E-02
 1.687400043E-02 3.356400132E-02 8.022099733E-03 3.293799981E-02 5.381900072E-02
 5.715800077E-02 3.313900158E-02 2.474500053E-02 2.049099887E-03 2.671400085E-02
 3.017400019E-02 2.308199927E-02 2.094399929E-02 1.691300049E-02 4.167700186E-03
 9.235899895E-03 4.903499968E-03 1.352800056E-03 8.855599910E-03 3.547499888E-03
 8.906699950E-04
 8.244000435E+00 7.520599842E+00 8.244000435E+00 7.741499901E+00 7.593900204E+00
 7.571100235E+00 7.611999989E+00 7.830500126E+00 7.862699986E+00 7.722099781E+00
 7.949399948E+00 8.242600441E+00 8.050000191E+00 7.925700188E+00 8.244000435E+00
 7.875199795E+00 8.039699554E+00 7.881899834E+00 7.812600136E+00 7.974199772E+00
 7.575699806E+00 7.945799828E+00 7.879600048E+00 7.998400211E+00 8.185000420E+00
 7.862299919E+00 7.884300232E+00 8.157799721E+00 7.800899982E+00 7.921599865E+00
 7.991099834E+00 7.875000000E+00 7.836500168E+00 7.905799866E+00 8.010899544E+00
 7.890100002E+00 7.849400043E+00 7.909500122E+00 7.977300167E+00 7.664899826E+00
 7.956799984E+00 7.933599949E+00 7.933199883E+00 7.744999886E+00 8.113800049E+00
 8.104399681E+00 7.891799927E+00 7.920700073E+00 7.891200066E+00 7.851399899E+00
 7.869999886E+00 8.186800003E+00 7.912000179E+00 8.003100395E+00 7.807099819E+00
 8.210599899E+00 7.909399986E+00 7.875699997E+00 7.937399864E+00 8.014200211E+00
 7.982699871E+00 7.749400139E+00 7.845200062E+00 7.843299866E+00 8.025199890E+00
 7.995699883E+00 8.168000221E+00 8.031999588E+00 7.959499836E+00 7.887000084E+00
 7.835800171E+00 8.048299789E+00 7.895500183E+00 7.764400005E+00 8.183400154E+00
 8.146699905E+00 7.958399773E+00 7.920800209E+00 7.810999870E+00 8.152199745E+00
 8.029100418E+00 8.026599884E+00 8.038900375E+00 7.978499889E+00 7.906700134E+00
 7.927299976E+00 7.962999821E+00 7.985099792E+00 8.000000000E+00 8.050200462E+00
 7.984499931E+00 7.851399899E+00 8.125399590E+00 8.108799934E+00 8.006799698E+00
 7.988599777E+00 8.022899628E+00 8.071000099E+00 8.100600243E+00 7.959300041E+00
 8.039199829E+00 7.919499874E+00 8.043499947E+00 8.071499825E+00 7.950600147E+00
 8.007399559E+00 7.932099819E+00 8.035499573E+00 8.062199593E+00 8.037599564E+00
 8.083100319E+00 8.040800095E+00 8.000399590E+00 8.089900017E+00 8.064100266E+00
 8.085900307E+00 7.976799965E+00 8.032299995E+00 8.027700424E+00 7.993700027E+00
 7.999199867E+00 8.055899620E+00 8.054800034E+00 8.036899567E+00 8.024499893E+00
 8.038900375E+00 8.053400040E+00 8.061900139E+00 8.058199883E+00 8.064599991E+00
 8.065899849E+00 8.092800140E+00 8.069000244E+00 8.100700378E+00 8.083800316E+00
 8.074999809E+00 8.067399979E+00 8.084500313E+00 8.072600365E+00 8.081299782E+00
 8.083000183E+00
 1.854400024E+03 -1.008599976E+03 2.308300049E+03 7.875200195E+02 7.480799805E+03
 6.599600098E+03 -1.002700012E+03 7.931100098E+03 3.943100098E+03 7.153500000E+03
 -5.408399902E+03 1.009900024E+03 8.544299805E+03 7.852200195E+03 4.049699951E+03
 8.119100098E+03 8.801900391E+03 8.016600098E+03 6.212000000E+03 7.661500000E+03
 6.721600098E+03 6.993399902E+03 8.667500000E+03 7.545700195E+03 8.497599609E+03
 7.902299805E+03 8.583799805E+03 9.138299805E+03 7.264799805E+03 8.578900391E+03
 8.842299805E+03 7.779700195E+03 8.740500000E+03 7.982200195E+03 8.093299805E+03
 6.789700195E+03 6.843600098E+03 7.881600098E+03 7.187100098E+03 5.678000000E+03
 8.515799805E+03 8.578599609E+03 8.847900391E+03 7.229200195E+03 9.449299805E+03
 8.718200195E+03 8.390900391E+03 8.480599609E+03 6.683799805E+03 6.292000000E+03
 8.227599609E+03 8.222400391E+03 8.718799805E+03 9.253799805E+03 7.876899902E+03
 7.712299805E+03 8.876700195E+03 7.289299805E+03 8.517000000E+03 9.476599609E+03
 8.830099609E+03 5.676799805E+03 8.253599609E+03 7.321399902E+03 9.036000000E+03
 9.402000000E+03 9.490000000E+03 8.872500000E+03 8.841700195E+03 7.333500000E+03
 5.856200195E+03 6.923799805E+03 8.672700195E+03 5.302000000E+03 8.438400391E+03
 9.345900391E+03 8.504200195E+03 8.852500000E+03 6.809799805E+03 9.159599609E+03
 9.393599609E+03 8.802900391E+03 8.787099609E+03 8.012899902E+03 7.847899902E+03
 6.969500000E+03 7.900500000E+03 7.437600098E+03 8.767299805E+03 9.513200195E+03
 8.751000000E+03 5.847200195E+03 9.672500000E+03 9.005799805E+03 9.218900391E+03
 8.804700195E+03 8.688500000E+03 8.141100098E+03 9.034700195E+03 7.132399902E+03
 9.391900391E+03 7.151500000E+03 9.315200195E+03 8.213099609E+03 7.885100098E+03
 9.239700195E+03 6.358000000E+03 9.238200195E+03 7.467700195E+03 9.346000000E+03
 9.871799805E+03 8.160899902E+03 6.476100098E+03 7.790500000E+03 7.240700195E+03
 9.122000000E+03 5.437399902E+03 9.181299805E+03 8.732400391E+03 5.836100098E+03
 7.353100098E+03 9.211799805E+03 9.585799805E+03 8.466000000E+03 6.439500000E+03
 6.245200195E+03 8.626799805E+03 9.182500000E+03 9.397099609E+03 8.884799805E+03
 8.234700195E+03 9.038799805E+03 8.698599609E+03 8.431099609E+03 9.902500000E+03
 9.081799805E+03 7.670700195E+03 9.955900391E+03 6.968600098E+03 7.690500000E+03
 7.828899902E+03
 0.000000000E+00 -3.089399902E+03 -1.586700045E-02 -2.594899902E+03 -5.491600098E+03
 -5.802600098E+03 -4.296399902E+03 -3.022899902E+03 -2.458899902E+03 -4.268899902E+03
 -8.927299805E+03 -4.896400146E+02 -5.139600220E+02 -1.995400024E+03 -5.922200158E-02
 -2.641100098E+03 -6.157600098E+02 -2.569500000E+03 -3.504600098E+03 -1.466699951E+03
 -6.692299805E+03 -1.853400024E+03 -2.716300049E+03 -1.182900024E+03 1.327500000E+03
 -3.005199951E+03 -2.731600098E+03 1.005799988E+03 -3.995600098E+03 -2.313399902E+03
 -1.329800049E+03 -3.038800049E+03 -3.660000000E+03 -2.625800049E+03 -1.067300049E+03
 -2.916399902E+03 -3.593600098E+03 -2.691800049E+03 -1.679599976E+03 -6.537000000E+03
 -1.999900024E+03 -2.430300049E+03 -2.395000000E+03 -5.557000000E+03 4.835700073E+02
 3.344299927E+02 -3.263100098E+03 -2.775399902E+03 -3.338199951E+03 -4.049800049E+03
 -3.783699951E+03 1.842300049E+03 -3.232300049E+03 -1.480900024E+03 -5.117399902E+03
 2.367600098E+03 -3.357500000E+03 -3.981899902E+03 -2.825699951E+03 -1.370500000E+03
 -1.994199951E+03 -6.782000000E+03 -4.825200195E+03 -4.985200195E+03 -1.209599976E+03
 -1.885099976E+03 1.807199951E+03 -1.126800049E+03 -2.779600098E+03 -4.410100098E+03
 -5.659200195E+03 -8.085000000E+02 -4.469799805E+03 -7.655500000E+03 2.434500000E+03
 1.527000000E+03 -3.160500000E+03 -4.174200195E+03 -6.996399902E+03 1.800699951E+03
 -1.448199951E+03 -1.547000000E+03 -1.236199951E+03 -2.940800049E+03 -5.040299805E+03
 -4.549000000E+03 -3.563199951E+03 -2.965300049E+03 -2.578199951E+03 -1.025500000E+03
 -3.165300049E+03 -7.537799805E+03 1.402900024E+03 8.560800171E+02 -2.690899902E+03
 -3.385199951E+03 -2.196199951E+03 -4.653399963E+02 6.470999756E+02 -4.872799805E+03
 -1.768400024E+03 -6.763899902E+03 -1.676199951E+03 -5.264699707E+02 -5.905100098E+03
 -3.480699951E+03 -7.047200195E+03 -2.344000000E+03 -1.059699951E+03 -2.340199951E+03
 -1.861499977E+01 -2.335500000E+03 -4.748399902E+03 3.993999939E+02 -1.179800049E+03
 1.649700012E+02 -7.168500000E+03 -3.576800049E+03 -4.062100098E+03 -6.671100098E+03
 -6.547200195E+03 -2.354399902E+03 -2.569199951E+03 -4.253399902E+03 -5.587500000E+03
 -4.745799805E+03 -3.317399902E+03 -2.530699951E+03 -3.289399902E+03 -2.586399902E+03
 -2.794399902E+03 1.598400024E+03 -2.765399902E+03 3.822100098E+03 1.256399994E+02
 -2.767699951E+03 -6.104100098E+03 4.916199951E+02 -5.515899902E+03 -3.119100098E+03
 -2.264899902E+03
 4.018900146E+02 5.129799805E+02 3.955000000E+02 5.022000122E+02 3.503900146E+02
 3.503800049E+02 5.066099854E+02 3.503800049E+02 4.019500122E+02 3.503900146E+02
 4.740599976E+02 5.170300293E+02 3.503800049E+02 3.503699951E+02 3.844500122E+02
 3.503599854E+02 3.503699951E+02 3.503699951E+02 3.503599854E+02 3.503599854E+02
 3.503399963E+02 3.503500061E+02 3.503599854E+02 3.503500061E+02 3.503500061E+02
 3.503500061E+02 3.503399963E+02 3.503500061E+02 3.503299866E+02 3.503299866E+02
 3.503299866E+02 3.503099976E+02 3.503099976E+02 3.503200073E+02 3.503200073E+02
 3.503099976E+02 3.503099976E+02 3.503099976E+02 3.503099976E+02 3.503099976E+02
 3.502999878E+02 3.502799988E+02 3.502999878E+02 3.502900085E+02 3.502999878E+02
 3.502900085E+02 3.502799988E+02 3.502900085E+02 3.502799988E+02 3.502699890E+02
 3.502799988E+02 3.502699890E+02 3.502699890E+02 3.502699890E+02 3.502500000E+02
 3.502600098E+02 3.502600098E+02 3.502500000E+02 3.502500000E+02 3.502399902E+02
 3.502500000E+02 3.502300110E+02 3.502300110E+02 3.502399902E+02 3.502399902E+02
 3.502300110E+02 3.502300110E+02 3.502300110E+02 3.502200012E+02 3.502099915E+02
 3.502099915E+02 3.502200012E+02 3.502000122E+02 3.501900024E+02 3.501900024E+02
 3.502000122E+02 3.501900024E+02 3.501799927E+02 3.501900024E+02 3.501900024E+02
 3.501900024E+02 3.501799927E+02 3.501799927E+02 3.501799927E+02 3.501700134E+02
 3.501700134E+02 3.501700134E+02 3.501700134E+02 3.501700134E+02 3.501499939E+02
 3.501499939E+02 3.501499939E+02 3.501499939E+02 3.501499939E+02 3.501499939E+02
 3.501400146E+02 3.501400146E+02 3.501300049E+02 3.501300049E+02 3.501300049E+02
 3.501199951E+02 3.501199951E+02 3.501199951E+02 3.501199951E+02 3.501099854E+02
 3.501099854E+02 3.501099854E+02 3.501099854E+02 3.501000061E+02 3.501000061E+02
 3.501000061E+02 3.500899963E+02 3.500899963E+02 3.500799866E+02 3.500799866E+02
 3.500799866E+02 3.500700073E+02 3.500700073E+02 3.500700073E+02 3.500700073E+02
 3.500700073E+02 3.500599976E+02 3.500599976E+02 3.500599976E+02 3.500599976E+02
 3.500499878E+02 3.500499878E+02 3.500400085E+02 3.500400085E+02 3.500400085E+02
 3.500400085E+02 3.500299988E+02 3.500199890E+02 3.500299988E+02 3.500199890E+02
 3.500199890E+02 3.500199890E+02 3.500100098E+02 3.500100098E+02 3.500000000E+02
 3.500000000E+02
ZONE T="PASO      12"
 STRANDID=2, SOLUTIONTIME=12
 I=122, J=1, K=1, ZONETYPE=Ordered
 DATAPACKING=BLOCK
 DT=(SINGLE SINGLE SINGLE SINGLE SINGLE SINGLE SINGLE SINGLE SINGLE SINGLE SINGLE SINGLE SINGLE SINGLE SINGLE SINGLE SINGLE SINGLE SINGLE SINGLE SINGLE SINGLE SINGLE SINGLE SINGLE SINGLE SINGLE SINGLE SINGLE SINGLE SINGLE SINGLE SINGLE SINGLE SINGLE SINGLE SINGLE SINGLE SINGLE SINGLE SINGLE SINGLE SINGLE SINGLE SINGLE SINGLE SINGLE SINGLE SINGLE SINGLE )
 PASSIVEVARLIST=[4-7,9-44]
 4.492399991E-01 4.483599961E-01 3.665499985E-01 5.376999974E-01 4.385200143E-01
 3.241499960E-01 4.851900041E-01 6.259599924E-01 5.565599799E-01 6.509900093E-01
 6.138499975E-01 5.558199883E-01 5.060700178E-01 4.929099977E-01 5.741500258E-01
 3.079000115E-01 4.959900081E-01 5.356900096E-01 5.111700296E-01 4.926800132E-01
 5.569000244E-01 5.141299963E-01 5.744100213E-01 4.165999889E-01 5.692499876E-01
 3.523499966E-01 5.292500257E-01 5.589799881E-01 5.006700158E-01 5.233600140E-01
 5.264000297E-01 2.607299984E-01 4.482100010E-01 4.294599891E-01 4.348100126E-01
 5.053899884E-01 4.942199886E-01 2.620199919E-01 4.642100036E-01 3.368200064E-01
 4.210300148E-01 4.663600028E-01 4.010599852E-01 3.569299877E-01 4.108799994E-01
 3.673599958E-01 4.528200030E-01 4.128499925E-01 4.054900110E-01 3.376199901E-01
 3.809899986E-01 3.239499927E-01 3.827599883E-01 3.778400123E-01 3.846499920E-01
 3.610900044E-01 3.449600041E-01 3.558399975E-01 2.449599952E-01 3.170900047E-01
 3.132399917E-01 3.306800127E-01 3.353399932E-01 3.165499866E-01 3.022899926E-01
 3.310799897E-01 2.806000113E-01 2.903900146E-01 2.789799869E-01 3.020299971E-01
 2.581399977E-01 2.718299925E-01 2.823800147E-01 1.875099987E-01 2.153500021E-01
 1.958699971E-01 2.564199865E-01 2.459499985E-01 1.910399944E-01 2.300399989E-01
 1.543799937E-01 2.212399989E-01 1.712999940E-01 2.253600061E-01 2.122000009E-01
 2.003799975E-01 1.536000073E-01 1.862200052E-01 1.742800027E-01 1.183400005E-01
 1.726800054E-01 1.585399956E-01 1.119399965E-01 1.693300009E-01 1.251599938E-01
 1.509899944E-01 1.149500012E-01 1.234799996E-01 1.260800064E-01 1.168000028E-01
 9.594199806E-02 7.357399911E-02 8.583100140E-02 1.015700027E-01 8.895800263E-02
 9.405499697E-02 7.353899628E-02 7.381000370E-02 7.354500145E-02 4.617900029E-02
 4.804300144E-02 5.744099990E-02 5.767999962E-02 4.655899853E-02 3.635499999E-02
 3.475100175E-02 2.648100071E-02 2.302299999E-02 1.355499960E-02 1.347499993E-02
 7.197299972E-03 6.579799810E-04
 6.445100065E-03 7.237799931E-03 2.592499852E-01 3.753700107E-02 2.698499858E-01
 2.903000116E-01 2.819800079E-01 3.648000062E-01 1.027000025E-01 2.257000059E-01
 2.376099974E-01 2.043299973E-01 3.866499960E-01 3.283599913E-01 2.460899949E-01
 2.539800107E-01 2.866899967E-01 1.625799984E-01 3.175300062E-01 2.422000021E-01
 9.718199819E-02 1.686899960E-01 9.404599667E-02 3.781099916E-01 1.142399982E-01
 3.151699901E-01 7.052899897E-02 3.614800051E-02 2.034099996E-01 1.615799963E-01
 8.551599830E-02 1.811099946E-01 1.896899939E-01 2.972800136E-01 2.590899915E-02
 1.746300049E-02 1.362500042E-01 1.642100066E-01 1.304000020E-01 1.324899960E-02
 8.910799772E-02 1.486700028E-02 2.577599883E-01 2.060499936E-01 1.587699950E-01
 1.852400005E-01 3.286299855E-02 3.434899822E-02 2.796800062E-02 2.358299941E-01
 2.391999960E-02 1.811700016E-01 1.401399970E-01 1.038499996E-01 1.293299943E-01
 1.522700042E-01 1.840900034E-01 1.324699968E-01 1.308699995E-01 1.734399982E-02
 1.664600074E-01 1.177399978E-01 5.540499836E-02 1.203700006E-01 1.452099979E-01
 6.862799823E-02 1.707700044E-01 1.287800074E-01 1.113499999E-01 8.958999813E-02
 1.565099955E-01 1.181299984E-01 6.025699899E-02 1.533499956E-01 1.823399961E-01
 1.803299934E-01 2.981999889E-03 8.645799756E-02 1.131400019E-01 6.742099673E-02
 1.225299984E-01 7.366999984E-02 1.519400030E-01 1.669899933E-02 1.334100030E-02
 8.890400082E-02 1.239499971E-01 4.112799838E-02 8.842399716E-02 6.952700019E-02
 6.993400306E-02 9.220799804E-02 6.849099696E-02 1.285399962E-02 1.112599969E-01
 5.327000096E-02 6.497299671E-02 7.147900015E-02 5.546699837E-02 4.014699906E-02
 7.075999677E-02 8.019300178E-03 6.567499787E-02 2.832799964E-02 5.465500057E-02
 2.004900016E-02 4.685699940E-02 4.894800112E-02 3.155799955E-02 1.013300009E-02
 3.030700050E-02 1.825400069E-02 2.043100074E-03 2.716000006E-02 1.326300018E-02
 1.673600078E-02 9.012499824E-03 9.969200008E-03 1.323300041E-02 3.243800020E-03
 4.576299805E-03 2.127500047E-04
 8.244000435E+00 8.244000435E+00 8.244000435E+00 8.244000435E+00 8.244000435E+00
 8.244000435E+00 8.244000435E+00 8.244000435E+00 8.244000435E+00 8.244000435E+00
 7.897999763E+00 7.761199951E+00 7.910999775E+00 7.813300133E+00 7.914299965E+00
 8.237799644E+00 7.825099945E+00 7.816100121E+00 7.942599773E+00 7.819300175E+00
 7.866399765E+00 7.827099800E+00 8.131400108E+00 8.237899780E+00 8.109800339E+00
 7.758299828E+00 7.880799770E+00 8.025799751E+00 7.943900108E+00 8.012599945E+00
 8.009699821E+00 7.652599812E+00 7.865799904E+00 7.990300179E+00 7.797200203E+00
 7.967700005E+00 8.048199654E+00 7.687600136E+00 7.948200226E+00 7.726600170E+00
 7.851600170E+00 7.960000038E+00 8.060899734E+00 7.854599953E+00 7.932400227E+00
 7.878799915E+00 8.084400177E+00 7.914700031E+00 7.910500050E+00 7.943399906E+00
 7.885499954E+00 7.877799988E+00 7.988200188E+00 8.215299606E+00 8.116399765E+00
 8.000399590E+00 8.039199829E+00 7.993199825E+00 7.821599960E+00 7.883800030E+00
 8.186699867E+00 7.977000237E+00 8.205900192E+00 7.984399796E+00 7.997300148E+00
 8.033599854E+00 8.092800140E+00 7.997600079E+00 8.207599640E+00 8.136099815E+00
 8.121399879E+00 8.155200005E+00 8.012700081E+00 7.920400143E+00 8.023699760E+00
 7.994699955E+00 7.989200115E+00 8.150099754E+00 7.941400051E+00 8.000100136E+00
 7.925199986E+00 8.157500267E+00 8.015700340E+00 8.027500153E+00 8.003199577E+00
 8.070500374E+00 7.996099949E+00 7.995900154E+00 8.033399582E+00 7.946899891E+00
 8.046400070E+00 8.070400238E+00 7.960999966E+00 8.075799942E+00 8.079799652E+00
 8.113900185E+00 8.009400368E+00 8.042300224E+00 8.048800468E+00 8.027400017E+00
 8.032500267E+00 7.986499786E+00 8.034299850E+00 8.124400139E+00 8.090499878E+00
 8.085900307E+00 8.112899780E+00 8.070400238E+00 8.082300186E+00 8.019700050E+00
 8.046199799E+00 8.079799652E+00 8.095800400E+00 8.075499535E+00 8.064499855E+00
 8.075699806E+00 8.062899590E+00 8.092900276E+00 8.076299667E+00 8.080900192E+00
 8.085599899E+00 8.083200455E+00
 2.644100098E+03 2.524500000E+03 1.185400024E+03 1.457799988E+02 1.114500000E+03
 2.526900024E+02 9.199500122E+02 5.425200195E+02 1.907699951E+03 1.387000000E+03
 3.813300049E+03 3.149100098E+03 5.928200195E+03 5.051899902E+03 4.042100098E+03
 6.930899902E+03 4.529700195E+03 2.682500000E+03 5.296600098E+03 3.956199951E+03
 1.840099976E+03 2.857800049E+03 2.114000000E+03 6.221200195E+03 2.468100098E+03
 5.207799805E+03 1.423699951E+03 1.059300049E+03 3.777199951E+03 3.181899902E+03
 1.845300049E+03 3.248000000E+03 3.514100098E+03 5.589100098E+03 5.489899902E+02
 5.629500122E+02 2.832699951E+03 3.167600098E+03 2.649800049E+03 3.563099976E+02
 1.803800049E+03 3.961799927E+02 5.382000000E+03 4.251899902E+03 3.356600098E+03
 3.923899902E+03 8.899299927E+02 8.033099976E+02 6.577399902E+02 5.265799805E+03
 5.877500000E+02 4.144399902E+03 3.302399902E+03 2.603500000E+03 3.197600098E+03
 3.741500000E+03 4.575799805E+03 3.332800049E+03 3.341699951E+03 4.945000000E+02
 4.475500000E+03 3.164100098E+03 1.564300049E+03 3.340000000E+03 4.102200195E+03
 1.976099976E+03 5.007799805E+03 3.837199951E+03 3.385899902E+03 2.767600098E+03
 4.992500000E+03 3.824699951E+03 1.998000000E+03 5.141899902E+03 6.203899902E+03
 6.307399902E+03 1.201800003E+02 3.171500000E+03 4.207500000E+03 2.617000000E+03
 4.763700195E+03 2.971699951E+03 6.263500000E+03 7.182600098E+02 5.930200195E+02
 3.995399902E+03 5.668899902E+03 1.933099976E+03 4.331200195E+03 3.551600098E+03
 3.639300049E+03 4.956799805E+03 3.764399902E+03 7.487399902E+02 6.562700195E+03
 3.236100098E+03 4.254700195E+03 4.773799805E+03 3.875500000E+03 2.935699951E+03
 5.417000000E+03 6.530599976E+02 5.501200195E+03 2.485100098E+03 5.187399902E+03
 2.072199951E+03 5.050700195E+03 5.431899902E+03 3.925000000E+03 1.273400024E+03
 4.444799805E+03 3.010399902E+03 3.420899963E+02 4.971000000E+03 3.071300049E+03
 4.245200195E+03 2.599399902E+03 3.706800049E+03 6.538799805E+03 2.305199951E+03
 5.179000000E+03 3.035399902E+03
 4.492399991E-01 4.483599961E-01 3.665499985E-01 5.376999974E-01 4.385200143E-01
 3.241499960E-01 4.851900041E-01 6.259599924E-01 5.565599799E-01 6.509900093E-01
 6.138499975E-01 5.558199883E-01 5.060700178E-01 4.929099977E-01 5.741500258E-01
 3.079000115E-01 4.959900081E-01 5.356900096E-01 5.111700296E-01 4.926800132E-01
 5.569000244E-01 5.141299963E-01 5.744100213E-01 4.165999889E-01 5.692499876E-01
 3.523499966E-01 5.292500257E-01 5.589799881E-01 5.006700158E-01 5.233600140E-01
 5.264000297E-01 2.607299984E-01 4.482100010E-01 4.294599891E-01 4.348100126E-01
 5.053899884E-01 4.942199886E-01 2.620199919E-01 4.642100036E-01 3.368200064E-01
 4.210300148E-01 4.663600028E-01 4.010599852E-01 3.569299877E-01 4.108799994E-01
 3.673599958E-01 4.528200030E-01 4.128499925E-01 4.054900110E-01 3.376199901E-01
 3.809899986E-01 3.239499927E-01 3.827599883E-01 3.778400123E-01 3.846499920E-01
 3.610900044E-01 3.449600041E-01 3.558399975E-01 2.449599952E-01 3.170900047E-01
 3.132399917E-01 3.306800127E-01 3.353399932E-01 3.165499866E-01 3.022899926E-01
 3.310799897E-01 2.806000113E-01 2.903900146E-01 2.789799869E-01 3.020299971E-01
 2.581399977E-01 2.718299925E-01 2.823800147E-01 1.875099987E-01 2.153500021E-01
 1.958699971E-01 2.564199865E-01 2.459499985E-01 1.910399944E-01 2.300399989E-01
 1.543799937E-01 2.212399989E-01 1.712999940E-01 2.253600061E-01 2.122000009E-01
 2.003799975E-01 1.536000073E-01 1.862200052E-01 1.742800027E-01 1.183400005E-01
 1.726800054E-01 1.585399956E-01 1.119399965E-01 1.693300009E-01 1.251599938E-01
 1.509899944E-01 1.149500012E-01 1.234799996E-01 1.260800064E-01 1.168000028E-01
 9.594199806E-02 7.357399911E-02 8.583100140E-02 1.015700027E-01 8.895800263E-02
 9.405499697E-02 7.353899628E-02 7.381000370E-02 7.354500145E-02 4.617900029E-02
 4.804300144E-02 5.744099990E-02 5.767999962E-02 4.655899853E-02 3.635499999E-02
 3.475100175E-02 2.648100071E-02 2.302299999E-02 1.355499960E-02 1.347499993E-02
 7.197299972E-03 6.579799810E-04
 6.445100065E-03 7.237799931E-03 2.592499852E-01 3.753700107E-02 2.698499858E-01
 2.903000116E-01 2.819800079E-01 3.648000062E-01 1.027000025E-01 2.257000059E-01
 2.376099974E-01 2.043299973E-01 3.866499960E-01 3.283599913E-01 2.460899949E-01
 2.539800107E-01 2.866899967E-01 1.625799984E-01 3.175300062E-01 2.422000021E-01
 9.718199819E-02 1.686899960E-01 9.404599667E-02 3.781099916E-01 1.142399982E-01
 3.151699901E-01 7.052899897E-02 3.614800051E-02 2.034099996E-01 1.615799963E-01
 8.551599830E-02 1.811099946E-01 1.896899939E-01 2.972800136E-01 2.590899915E-02
 1.746300049E-02 1.362500042E-01 1.642100066E-01 1.304000020E-01 1.324899960E-02
 8.910799772E-02 1.486700028E-02 2.577599883E-01 2.060499936E-01 1.587699950E-01
 1.852400005E-01 3.286299855E-02 3.434899822E-02 2.796800062E-02 2.358299941E-01
 2.391999960E-02 1.811700016E-01 1.401399970E-01 1.038499996E-01 1.293299943E-01
 1.522700042E-01 1.840900034E-01 1.324699968E-01 1.308699995E-01 1.734399982E-02
 1.664600074E-01 1.177399978E-01 5.540499836E-02 1.203700006E-01 1.452099979E-01
 6.862799823E-02 1.707700044E-01 1.287800074E-01 1.113499999E-01 8.958999813E-02
 1.565099955E-01 1.181299984E-01 6.025699899E-02 1.533499956E-01 1.823399961E-01
 1.803299934E-01 2.981999889E-03 8.645799756E-02 1.131400019E-01 6.742099673E-02
 1.225299984E-01 7.366999984E-02 1.519400030E-01 1.669899933E-02 1.334100030E-02
 8.890400082E-02 1.239499971E-01 4.112799838E-02 8.842399716E-02 6.952700019E-02
 6.993400306E-02 9.220799804E-02 6.849099696E-02 1.285399962E-02 1.112599969E-01
 5.327000096E-02 6.497299671E-02 7.147900015E-02 5.546699837E-02 4.014699906E-02
 7.075999677E-02 8.019300178E-03 6.567499787E-02 2.832799964E-02 5.465500057E-02
 2.004900016E-02 4.685699940E-02 4.894800112E-02 3.155799955E-02 1.013300009E-02
 3.030700050E-02 1.825400069E-02 2.043100074E-03 2.716000006E-02 1.326300018E-02
 1.673600078E-02 9.012499824E-03 9.969200008E-03 1.323300041E-02 3.243800020E-03
 4.576299805E-03 2.127500047E-04
 8.244000435E+00 8.244000435E+00 8.244000435E+00 8.244000435E+00 8.244000435E+00
 8.244000435E+00 8.244000435E+00 8.244000435E+00 8.244000435E+00 8.244000435E+00
 7.897999763E+00 7.761199951E+00 7.910999775E+00 7.813300133E+00 7.914299965E+00
 8.237799644E+00 7.825099945E+00 7.816100121E+00 7.942599773E+00 7.819300175E+00
 7.866399765E+00 7.827099800E+00 8.131400108E+00 8.237899780E+00 8.109800339E+00
 7.758299828E+00 7.880799770E+00 8.025799751E+00 7.943900108E+00 8.012599945E+00
 8.009699821E+00 7.652599812E+00 7.865799904E+00 7.990300179E+00 7.797200203E+00
 7.967700005E+00 8.048199654E+00 7.687600136E+00 7.948200226E+00 7.726600170E+00
 7.851600170E+00 7.960000038E+00 8.060899734E+00 7.854599953E+00 7.932400227E+00
 7.878799915E+00 8.084400177E+00 7.914700031E+00 7.910500050E+00 7.943399906E+00
 7.885499954E+00 7.877799988E+00 7.988200188E+00 8.215299606E+00 8.116399765E+00
 8.000399590E+00 8.039199829E+00 7.993199825E+00 7.821599960E+00 7.883800030E+00
 8.186699867E+00 7.977000237E+00 8.205900192E+00 7.984399796E+00 7.997300148E+00
 8.033599854E+00 8.092800140E+00 7.997600079E+00 8.207599640E+00 8.136099815E+00
 8.121399879E+00 8.155200005E+00 8.012700081E+00 7.920400143E+00 8.023699760E+00
 7.994699955E+00 7.989200115E+00 8.150099754E+00 7.941400051E+00 8.000100136E+00
 7.925199986E+00 8.157500267E+00 8.015700340E+00 8.027500153E+00 8.003199577E+00
 8.070500374E+00 7.996099949E+00 7.995900154E+00 8.033399582E+00 7.946899891E+00
 8.046400070E+00 8.070400238E+00 7.960999966E+00 8.075799942E+00 8.079799652E+00
 8.113900185E+00 8.009400368E+00 8.042300224E+00 8.048800468E+00 8.027400017E+00
 8.032500267E+00 7.986499786E+00 8.034299850E+00 8.124400139E+00 8.090499878E+00
 8.085900307E+00 8.112899780E+00 8.070400238E+00 8.082300186E+00 8.019700050E+00
 8.046199799E+00 8.079799652E+00 8.095800400E+00 8.075499535E+00 8.064499855E+00
 8.075699806E+00 8.062899590E+00 8.092900276E+00 8.076299667E+00 8.080900192E+00
 8.085599899E+00 8.083200455E+00
 -5.478900146E+02 -6.790700073E+02 -1.694500000E+03 -1.253799973E+02 -1.965099976E+03
 -6.555300293E+02 -2.015000000E+03 -1.289699951E+03 -1.086999969E+02 2.262300049E+03
 8.178700195E+03 7.645100098E+03 6.828399902E+03 6.967100098E+03 8.085200195E+03
 -9.583299805E+03 7.357200195E+03 8.094799805E+03 7.409299805E+03 7.575399902E+03
 8.676900391E+03 8.050600098E+03 8.757500000E+03 5.923500000E+03 8.902900391E+03
 5.710200195E+03 8.763700195E+03 9.297900391E+03 8.363700195E+03 8.814099609E+03
 9.078599609E+03 4.377500000E+03 7.910000000E+03 7.586799805E+03 7.902600098E+03
 9.322599609E+03 9.133700195E+03 4.847299805E+03 8.850700195E+03 6.451700195E+03
 8.210900391E+03 9.280799805E+03 7.896399902E+03 7.178299805E+03 8.513500000E+03
 7.669700195E+03 9.605400391E+03 8.913700195E+03 8.835500000E+03 7.473000000E+03
 8.535500000E+03 7.318299805E+03 8.865500000E+03 8.812200195E+03 9.141099609E+03
 8.756599609E+03 8.450900391E+03 8.885799805E+03 6.143899902E+03 8.172100098E+03
 8.242500000E+03 8.782500000E+03 9.056299805E+03 8.720599609E+03 8.475299805E+03
 9.459000000E+03 8.204900391E+03 8.601099609E+03 8.414299805E+03 9.274299805E+03
 8.192799805E+03 8.747500000E+03 9.274299805E+03 6.234000000E+03 7.301299805E+03
 6.833200195E+03 9.181599609E+03 9.002900391E+03 7.075399902E+03 8.887200195E+03
 5.969000000E+03 8.905700195E+03 7.033600098E+03 9.515400391E+03 9.191700195E+03
 8.989599609E+03 7.003000000E+03 8.727599609E+03 8.514700195E+03 6.031399902E+03
 8.966700195E+03 8.509500000E+03 6.150600098E+03 9.839500000E+03 7.372399902E+03
 9.160799805E+03 7.514799805E+03 8.242200195E+03 8.787000000E+03 8.533799805E+03
 7.347799805E+03 5.988299805E+03 7.177799805E+03 8.907900391E+03 8.441299805E+03
 9.712599609E+03 7.931700195E+03 8.187399902E+03 9.145500000E+03 5.796399902E+03
 7.044799805E+03 9.476099609E+03 9.732900391E+03 8.520400391E+03 8.421799805E+03
 8.820200195E+03 7.638500000E+03 8.556400391E+03 6.698600098E+03 9.573900391E+03
 8.144899902E+03 9.388799805E+03
 -6.671900302E-02 -6.483899802E-02 4.223499820E-02 2.397499979E-03 3.962099925E-02
 -1.534899976E-02 -1.685599983E-02 2.406300046E-02 3.594300011E-03 0.000000000E+00
 -2.862000000E+03 -4.601200195E+03 -2.788500000E+03 -4.042199951E+03 -2.764800049E+03
 -2.872000122E+02 -4.031399902E+03 -4.173399902E+03 -2.417199951E+03 -4.158399902E+03
 -3.568500000E+03 -4.126000000E+03 5.062999878E+02 2.370899902E+03 2.145700073E+02
 -5.236399902E+03 -3.481600098E+03 -1.179000000E+03 -2.507100098E+03 -1.403800049E+03
 -1.447000000E+03 -7.267700195E+03 -3.882500000E+03 -1.788599976E+03 -5.125500000E+03
 -2.246800049E+03 -7.728699951E+02 -7.320500000E+03 -2.627100098E+03 -6.742799805E+03
 -4.495000000E+03 -2.467399902E+03 -5.715499878E+02 -4.551600098E+03 -3.124800049E+03
 -4.247200195E+03 -4.360499954E+01 -3.603399902E+03 -3.732100098E+03 -3.077699951E+03
 -4.385799805E+03 -4.605399902E+03 -2.200800049E+03 3.080800049E+03 7.604299927E+02
 -1.995300049E+03 -1.076699951E+03 -2.231600098E+03 -6.547600098E+03 -5.098200195E+03
 2.719199951E+03 -2.798600098E+03 3.296199951E+03 -2.692000000E+03 -2.382399902E+03
 -1.399800049E+03 5.806199951E+02 -2.509100098E+03 3.748199951E+03 1.628199951E+03
 1.035000000E+03 2.328300049E+03 -2.300600098E+03 -5.401399902E+03 -1.996699951E+03
 -3.074100098E+03 -3.339100098E+03 2.459500000E+03 -5.232299805E+03 -3.194899902E+03
 -6.103500000E+03 2.997500000E+03 -2.763199951E+03 -2.341899902E+03 -3.450100098E+03
 -5.647199707E+02 -3.961699951E+03 -4.082899902E+03 -2.423699951E+03 -6.941000000E+03
 -1.906500000E+03 -6.833599854E+02 -6.706100098E+03 -4.202999878E+02 -1.997500000E+02
 1.861900024E+03 -4.823100098E+03 -2.738100098E+03 -2.396100098E+03 -4.077699951E+03
 -3.883899902E+03 -7.869799805E+03 -4.092300049E+03 3.610000000E+03 6.907399902E+02
 2.673900146E+02 3.197199951E+03 -1.434900024E+03 -1.261100006E+02 -7.988799805E+03
 -5.439899902E+03 -5.762000122E+02 2.106399902E+03 -1.426699951E+03 -4.357799805E+03
 -1.922300049E+03 -5.870799805E+03 3.557500000E+03 -3.469899902E+03 -1.693900024E+03
 2.595600098E+03 -1.605000000E+03
 4.762099915E+02 4.763999939E+02 4.764500122E+02 4.539599915E+02 4.754899902E+02
 4.647000122E+02 4.750700073E+02 4.606499939E+02 4.580499878E+02 4.107999878E+02
 3.504400024E+02 3.504299927E+02 3.504400024E+02 3.504100037E+02 3.504299927E+02
 4.858900146E+02 3.503999939E+02 3.503999939E+02 3.504100037E+02 3.503900146E+02
 3.503900146E+02 3.503900146E+02 3.504100037E+02 3.504100037E+02 3.503999939E+02
 3.503800049E+02 3.503699951E+02 3.503800049E+02 3.503699951E+02 3.503699951E+02
 3.503599854E+02 3.503800049E+02 3.503500061E+02 3.503399963E+02 3.503500061E+02
 3.503399963E+02 3.503299866E+02 3.503500061E+02 3.503200073E+02 3.503399963E+02
 3.503200073E+02 3.503099976E+02 3.503099976E+02 3.503200073E+02 3.502900085E+02
 3.502999878E+02 3.502900085E+02 3.502900085E+02 3.502900085E+02 3.502799988E+02
 3.502799988E+02 3.502799988E+02 3.502600098E+02 3.502600098E+02 3.502600098E+02
 3.502500000E+02 3.502500000E+02 3.502399902E+02 3.502600098E+02 3.502500000E+02
 3.502300110E+02 3.502300110E+02 3.502300110E+02 3.502300110E+02 3.502300110E+02
 3.502099915E+02 3.502099915E+02 3.502099915E+02 3.501900024E+02 3.501900024E+02
 3.501900024E+02 3.501900024E+02 3.501900024E+02 3.502000122E+02 3.501900024E+02
 3.501799927E+02 3.501799927E+02 3.501600037E+02 3.501799927E+02 3.501700134E+02
 3.501700134E+02 3.501499939E+02 3.501600037E+02 3.501499939E+02 3.501499939E+02
 3.501400146E+02 3.501400146E+02 3.501400146E+02 3.501300049E+02 3.501300049E+02
 3.501199951E+02 3.501199951E+02 3.501199951E+02 3.501099854E+02 3.501099854E+02
 3.501099854E+02 3.501000061E+02 3.500899963E+02 3.501000061E+02 3.500899963E+02
 3.500799866E+02 3.500799866E+02 3.500799866E+02 3.500700073E+02 3.500700073E+02
 3.500599976E+02 3.500599976E+02 3.500599976E+02 3.500499878E+02 3.500499878E+02
 3.500499878E+02 3.500400085E+02 3.500400085E+02 3.500400085E+02 3.500299988E+02
 3.500299988E+02 3.500199890E+02 3.500199890E+02 3.500199890E+02 3.500100098E+02
 3.500100098E+02 3.500000000E+02
ZONE T="PASO      13"
 STRANDID=2, SOLUTIONTIME=13
 I=144, J=1, K=1, ZONETYPE=Ordered
 DATAPACKING=BLOCK
 DT=(SINGLE SINGLE SINGLE SINGLE SINGLE SINGLE SINGLE SINGLE SINGLE SINGLE SINGLE SINGLE SINGLE SINGLE SINGLE SINGLE SINGLE SINGLE SINGLE SINGLE SINGLE SINGLE SINGLE SINGLE SINGLE SINGLE SINGLE SINGLE SINGLE SINGLE SINGLE SINGLE SINGLE SINGLE SINGLE SINGLE SINGLE SINGLE SINGLE SINGLE SINGLE SINGLE SINGLE SINGLE SINGLE SINGLE SINGLE SINGLE SINGLE SINGLE )
 PASSIVEVARLIST=[4-7,9-44]
 4.659799933E-01 4.643599987E-01 5.722500086E-01 5.475599766E-01 5.001199841E-01
 7.869499922E-01 6.616600156E-01 6.320300102E-01 8.219100237E-01 6.828399897E-01
 6.875799894E-01 8.460000157E-01 5.963500142E-01 7.000799775E-01 6.146799922E-01
 8.129600286E-01 6.470500231E-01 5.843899846E-01 6.577500105E-01 6.015599966E-01
 6.559000015E-01 5.829799771E-01 5.549499989E-01 5.192899704E-01 5.625799894E-01
 5.259500146E-01 6.876800060E-01 5.198100209E-01 5.371299982E-01 4.770199955E-01
 4.237200022E-01 6.465799809E-01 5.628399849E-01 5.676000118E-01 5.593799949E-01
 4.320800006E-01 4.980700016E-01 6.291099787E-01 5.716500282E-01 4.335899949E-01
 5.080999732E-01 5.955100060E-01 4.895800054E-01 4.914999902E-01 5.277500153E-01
 5.499600172E-01 5.122399926E-01 5.033800006E-01 5.386499763E-01 4.577000141E-01
 3.990899920E-01 2.657699883E-01 4.681299925E-01 4.621399939E-01 5.281500220E-01
 4.597400129E-01 4.705899954E-01 4.601199925E-01 4.081200063E-01 4.812999964E-01
 4.938299954E-01 4.164699912E-01 3.135899901E-01 4.596300125E-01 4.221299887E-01
 3.952400088E-01 3.373000026E-01 3.679099977E-01 3.431099951E-01 3.912400007E-01
 3.552699983E-01 3.768999875E-01 2.916299999E-01 2.760100067E-01 3.701699972E-01
 3.252800107E-01 3.753499985E-01 3.147799969E-01 3.420900106E-01 3.484599888E-01
 2.198500037E-01 3.491899967E-01 3.496899903E-01 3.196200132E-01 3.093799949E-01
 3.405100107E-01 2.340299934E-01 3.299899995E-01 3.295300007E-01 2.762899995E-01
 3.000400066E-01 2.798900008E-01 2.470699996E-01 2.676900029E-01 1.893499941E-01
 2.627699971E-01 2.434899956E-01 1.463699937E-01 2.496899962E-01 2.465399951E-01
 2.463500053E-01 2.013300061E-01 2.513900101E-01 2.232200056E-01 2.125000060E-01
 1.953900009E-01 2.215799987E-01 2.074999958E-01 1.925700009E-01 1.780900061E-01
 1.571300030E-01 1.960799992E-01 1.817100048E-01 1.589599997E-01 1.564799994E-01
 1.663299948E-01 1.527300030E-01 1.555600017E-01 1.186499968E-01 1.387400031E-01
 1.049799994E-01 1.322000027E-01 1.164600030E-01 9.755899757E-02 1.169499978E-01
 1.074000001E-01 1.034599990E-01 9.778600186E-02 8.173999935E-02 6.670600176E-02
 7.539399713E-02 6.501799822E-02 6.536100060E-02 5.659300089E-02 5.324099958E-02
 4.885900021E-02 2.976500057E-02 3.674900159E-02 2.919599973E-02 1.875600033E-02
 1.453800034E-02 1.293700002E-02 8.344000205E-03 7.013700088E-04
 1.462900043E-01 1.448999941E-01 1.633300036E-01 1.212299988E-01 4.882499874E-01
 1.850800030E-02 3.607200086E-01 4.685299993E-01 1.860399917E-02 4.144800007E-01
 4.300999939E-01 1.307300031E-01 5.422999859E-01 5.531399846E-01 2.800100148E-01
 1.245800033E-01 4.658600092E-01 5.342900157E-01 3.421599865E-01 4.338800013E-01
 3.027899861E-01 1.855500042E-01 4.496299922E-01 2.724300027E-01 4.124200046E-01
 3.931199908E-01 1.948500052E-02 3.692899942E-01 4.257799983E-01 4.401899874E-01
 3.027999997E-01 1.161800027E-01 3.419699967E-01 2.845399976E-01 1.671400070E-01
 3.206599951E-01 1.937599927E-01 3.911999986E-02 2.300499976E-01 3.464899957E-02
 2.840699852E-01 8.025900275E-02 3.329299986E-01 3.455800116E-01 2.543399930E-01
 1.798900068E-01 2.275200039E-01 2.676199973E-01 1.826499999E-01 2.023800015E-01
 2.069399953E-01 2.064500004E-01 1.561799943E-01 2.386199981E-01 2.659099922E-02
 2.682900131E-01 2.198300064E-01 2.098599970E-01 2.749199867E-01 8.654700220E-02
 6.479000300E-02 2.376099974E-01 1.296699941E-01 9.790399671E-02 1.706999987E-01
 3.558599949E-02 2.022199929E-01 2.190500051E-01 1.469500014E-03 8.891700208E-02
 2.445099950E-01 1.705600023E-01 5.600300059E-02 1.262499988E-01 3.770900145E-02
 2.538299859E-01 1.504099965E-01 1.119599957E-02 1.828500032E-01 1.593700051E-01
 9.871800244E-02 9.004099667E-02 1.365400013E-02 1.382600069E-01 1.429399997E-01
 7.394900173E-02 2.162699997E-01 2.402699925E-02 3.143199906E-02 1.798100024E-02
 6.793799996E-02 1.071600020E-01 1.236300021E-01 1.313699931E-01 1.642999947E-01
 1.018999964E-01 5.122200027E-02 1.227800027E-01 6.039299816E-02 6.074000150E-02
 5.312899873E-02 1.164299995E-01 1.460799947E-03 5.060800165E-02 1.112700030E-01
 1.100599989E-01 4.817200080E-02 1.417300012E-02 1.022199988E-01 9.631299973E-02
 8.910299838E-02 6.316400133E-03 4.680800065E-02 6.214100122E-02 6.794899702E-02
 3.147000074E-02 5.917299911E-02 2.351400070E-02 4.838600010E-02 4.916099831E-02
 9.413699806E-02 3.440900147E-02 5.616899952E-02 6.236800179E-02 8.888299577E-03
 1.503100037E-03 3.058799915E-02 4.136700183E-03 4.312599823E-02 1.117900014E-02
 3.163599968E-02 2.710399963E-02 2.063800115E-03 1.997799985E-02 7.869699970E-03
 1.166899968E-02 2.774100006E-02 1.365999971E-02 1.785299927E-02 3.410700010E-03
 1.020099968E-02 3.901799908E-03 3.309200052E-03 5.129500059E-04
 8.244000435E+00 8.244000435E+00 8.244000435E+00 8.244000435E+00 8.244000435E+00
 8.244000435E+00 8.244000435E+00 8.244000435E+00 8.244000435E+00 8.244000435E+00
 8.244000435E+00 8.244000435E+00 8.244000435E+00 8.244000435E+00 8.244000435E+00
 8.244000435E+00 8.244000435E+00 8.244000435E+00 7.927100182E+00 8.022299767E+00
 7.872000217E+00 7.664299965E+00 7.925899982E+00 7.649799824E+00 8.136300087E+00
 7.835100174E+00 7.953100204E+00 7.803699970E+00 8.014900208E+00 8.242699623E+00
 7.653600216E+00 7.952199936E+00 7.984600067E+00 7.922200203E+00 7.804699898E+00
 7.725100040E+00 7.732699871E+00 7.995100021E+00 7.951600075E+00 7.637499809E+00
 7.878099918E+00 7.951799870E+00 7.967100143E+00 8.083600044E+00 7.978000164E+00
 7.965700150E+00 7.915100098E+00 8.008500099E+00 8.129300117E+00 8.244000435E+00
 7.751299858E+00 7.644800186E+00 7.845200062E+00 7.939599991E+00 8.171500206E+00
 8.082799911E+00 8.027700424E+00 7.961500168E+00 7.935599804E+00 7.937900066E+00
 8.086899757E+00 7.967500210E+00 7.727499962E+00 7.995299816E+00 7.957900047E+00
 7.833700180E+00 7.834599972E+00 7.905399799E+00 7.782299995E+00 8.239100456E+00
 7.988200188E+00 8.022800446E+00 7.783400059E+00 7.819399834E+00 7.900899887E+00
 8.083100319E+00 8.052900314E+00 7.831699848E+00 8.154000282E+00 8.031200409E+00
 7.786399841E+00 7.975900173E+00 8.204099655E+00 7.976500034E+00 7.972199917E+00
 8.020500183E+00 7.936900139E+00 8.003700256E+00 8.027899742E+00 7.905099869E+00
 8.186499596E+00 7.985799789E+00 7.944099903E+00 8.007699966E+00 7.918300152E+00
 8.003299713E+00 7.943299770E+00 7.876900196E+00 7.978400230E+00 8.174799919E+00
 8.012200356E+00 7.979599953E+00 8.063500404E+00 7.987800121E+00 8.111800194E+00
 8.034199715E+00 8.075400352E+00 8.005800247E+00 8.092800140E+00 8.037599564E+00
 7.998899937E+00 8.111300468E+00 8.035599709E+00 8.020400047E+00 8.032500267E+00
 8.048700333E+00 8.061800003E+00 8.042499542E+00 8.001700401E+00 8.094400406E+00
 8.087699890E+00 8.084500313E+00 8.074999809E+00 8.052200317E+00 8.068599701E+00
 8.108699799E+00 8.074299812E+00 8.095000267E+00 8.092200279E+00 8.028100014E+00
 8.060899734E+00 8.064499855E+00 8.072600365E+00 8.089500427E+00 8.069999695E+00
 8.063199997E+00 8.081999779E+00 8.077599525E+00 8.083100319E+00 8.066800117E+00
 8.083200455E+00 8.080900192E+00 8.081600189E+00 8.083100319E+00
 1.916199951E+02 1.894700012E+02 1.714400024E+02 1.836600037E+02 2.958399963E+02
 4.744500122E+02 4.115700073E+02 5.581900024E+02 4.275000000E+02 5.921500244E+02
 5.032699890E+02 5.517299805E+02 4.794500122E+02 3.242300110E+02 2.985499878E+02
 5.124600220E+02 1.035500000E+03 3.411300049E+03 7.162000000E+03 7.711200195E+03
 5.244100098E+03 7.233700195E+03 5.109000000E+03 3.694899902E+03 6.934899902E+03
 5.383200195E+03 4.899200134E+02 5.155600098E+03 5.943399902E+03 5.450700195E+03
 4.430399902E+03 1.844199951E+03 5.027899902E+03 4.221200195E+03 2.618000000E+03
 4.847200195E+03 3.035199951E+03 7.402700195E+02 3.612899902E+03 7.168499756E+02
 4.504000000E+03 1.356900024E+03 5.381100098E+03 5.609000000E+03 4.217000000E+03
 3.061300049E+03 3.829100098E+03 4.528799805E+03 3.170500000E+03 2.760500000E+03
 3.637100098E+03 3.652399902E+03 2.860300049E+03 4.343500000E+03 5.707600098E+02
 4.916600098E+03 4.143700195E+03 4.018800049E+03 5.238000000E+03 1.775000000E+03
 1.362099976E+03 4.715100098E+03 2.624899902E+03 2.010000000E+03 3.595899902E+03
 8.080100098E+02 4.256200195E+03 4.627399902E+03 1.200400009E+02 1.672300049E+03
 5.452600098E+03 3.860399902E+03 1.348300049E+03 2.980300049E+03 9.698200073E+02
 6.052399902E+03 3.692899902E+03 3.187900085E+02 4.585600098E+03 4.082899902E+03
 2.554000000E+03 2.409600098E+03 4.230799866E+02 3.750100098E+03 3.948000000E+03
 2.098100098E+03 6.056799805E+03 7.431300049E+02 9.741300049E+02 5.789400024E+02
 2.105800049E+03 3.376500000E+03 3.959500000E+03 4.230700195E+03 5.391500000E+03
 3.471800049E+03 1.816199951E+03 4.299700195E+03 2.169100098E+03 2.273100098E+03
 2.035500000E+03 4.522600098E+03 9.219200134E+01 2.047800049E+03 4.575899902E+03
 4.764600098E+03 2.137300049E+03 6.624600220E+02 4.655799805E+03 4.599600098E+03
 4.441399902E+03 3.386099854E+02 2.418699951E+03 3.397899902E+03 3.801100098E+03
 1.828500000E+03 3.562300049E+03 1.447500000E+03 3.178100098E+03 3.322199951E+03
 6.634200195E+03 2.513300049E+03 4.320899902E+03 5.172700195E+03 7.505300293E+02
 1.988899994E+02 2.817199951E+03 3.749899902E+02 4.632899902E+03 1.281599976E+03
 3.716100098E+03 3.707699951E+03 3.127200012E+02 3.304399902E+03 1.414099976E+03
 2.148199951E+03 6.801399902E+03 3.438800049E+03 5.205799805E+03 1.350199951E+03
 5.741000000E+03 2.840100098E+03 3.620699951E+03 5.772399902E+03
 4.659799933E-01 4.643599987E-01 5.722500086E-01 5.475599766E-01 5.001199841E-01
 7.869499922E-01 6.616600156E-01 6.320300102E-01 8.219100237E-01 6.828399897E-01
 6.875799894E-01 8.460000157E-01 5.963500142E-01 7.000799775E-01 6.146799922E-01
 8.129600286E-01 6.470500231E-01 5.843899846E-01 6.577500105E-01 6.015599966E-01
 6.559000015E-01 5.829799771E-01 5.549499989E-01 5.192899704E-01 5.625799894E-01
 5.259500146E-01 6.876800060E-01 5.198100209E-01 5.371299982E-01 4.770199955E-01
 4.237200022E-01 6.465799809E-01 5.628399849E-01 5.676000118E-01 5.593799949E-01
 4.320800006E-01 4.980700016E-01 6.291099787E-01 5.716500282E-01 4.335899949E-01
 5.080999732E-01 5.955100060E-01 4.895800054E-01 4.914999902E-01 5.277500153E-01
 5.499600172E-01 5.122399926E-01 5.033800006E-01 5.386499763E-01 4.577000141E-01
 3.990899920E-01 2.657699883E-01 4.681299925E-01 4.621399939E-01 5.281500220E-01
 4.597400129E-01 4.705899954E-01 4.601199925E-01 4.081200063E-01 4.812999964E-01
 4.938299954E-01 4.164699912E-01 3.135899901E-01 4.596300125E-01 4.221299887E-01
 3.952400088E-01 3.373000026E-01 3.679099977E-01 3.431099951E-01 3.912400007E-01
 3.552699983E-01 3.768999875E-01 2.916299999E-01 2.760100067E-01 3.701699972E-01
 3.252800107E-01 3.753499985E-01 3.147799969E-01 3.420900106E-01 3.484599888E-01
 2.198500037E-01 3.491899967E-01 3.496899903E-01 3.196200132E-01 3.093799949E-01
 3.405100107E-01 2.340299934E-01 3.299899995E-01 3.295300007E-01 2.762899995E-01
 3.000400066E-01 2.798900008E-01 2.470699996E-01 2.676900029E-01 1.893499941E-01
 2.627699971E-01 2.434899956E-01 1.463699937E-01 2.496899962E-01 2.465399951E-01
 2.463500053E-01 2.013300061E-01 2.513900101E-01 2.232200056E-01 2.125000060E-01
 1.953900009E-01 2.215799987E-01 2.074999958E-01 1.925700009E-01 1.780900061E-01
 1.571300030E-01 1.960799992E-01 1.817100048E-01 1.589599997E-01 1.564799994E-01
 1.663299948E-01 1.527300030E-01 1.555600017E-01 1.186499968E-01 1.387400031E-01
 1.049799994E-01 1.322000027E-01 1.164600030E-01 9.755899757E-02 1.169499978E-01
 1.074000001E-01 1.034599990E-01 9.778600186E-02 8.173999935E-02 6.670600176E-02
 7.539399713E-02 6.501799822E-02 6.536100060E-02 5.659300089E-02 5.324099958E-02
 4.885900021E-02 2.976500057E-02 3.674900159E-02 2.919599973E-02 1.875600033E-02
 1.453800034E-02 1.293700002E-02 8.344000205E-03 7.013700088E-04
 1.462900043E-01 1.448999941E-01 1.633300036E-01 1.212299988E-01 4.882499874E-01
 1.850800030E-02 3.607200086E-01 4.685299993E-01 1.860399917E-02 4.144800007E-01
 4.300999939E-01 1.307300031E-01 5.422999859E-01 5.531399846E-01 2.800100148E-01
 1.245800033E-01 4.658600092E-01 5.342900157E-01 3.421599865E-01 4.338800013E-01
 3.027899861E-01 1.855500042E-01 4.496299922E-01 2.724300027E-01 4.124200046E-01
 3.931199908E-01 1.948500052E-02 3.692899942E-01 4.257799983E-01 4.401899874E-01
 3.027999997E-01 1.161800027E-01 3.419699967E-01 2.845399976E-01 1.671400070E-01
 3.206599951E-01 1.937599927E-01 3.911999986E-02 2.300499976E-01 3.464899957E-02
 2.840699852E-01 8.025900275E-02 3.329299986E-01 3.455800116E-01 2.543399930E-01
 1.798900068E-01 2.275200039E-01 2.676199973E-01 1.826499999E-01 2.023800015E-01
 2.069399953E-01 2.064500004E-01 1.561799943E-01 2.386199981E-01 2.659099922E-02
 2.682900131E-01 2.198300064E-01 2.098599970E-01 2.749199867E-01 8.654700220E-02
 6.479000300E-02 2.376099974E-01 1.296699941E-01 9.790399671E-02 1.706999987E-01
 3.558599949E-02 2.022199929E-01 2.190500051E-01 1.469500014E-03 8.891700208E-02
 2.445099950E-01 1.705600023E-01 5.600300059E-02 1.262499988E-01 3.770900145E-02
 2.538299859E-01 1.504099965E-01 1.119599957E-02 1.828500032E-01 1.593700051E-01
 9.871800244E-02 9.004099667E-02 1.365400013E-02 1.382600069E-01 1.429399997E-01
 7.394900173E-02 2.162699997E-01 2.402699925E-02 3.143199906E-02 1.798100024E-02
 6.793799996E-02 1.071600020E-01 1.236300021E-01 1.313699931E-01 1.642999947E-01
 1.018999964E-01 5.122200027E-02 1.227800027E-01 6.039299816E-02 6.074000150E-02
 5.312899873E-02 1.164299995E-01 1.460799947E-03 5.060800165E-02 1.112700030E-01
 1.100599989E-01 4.817200080E-02 1.417300012E-02 1.022199988E-01 9.631299973E-02
 8.910299838E-02 6.316400133E-03 4.680800065E-02 6.214100122E-02 6.794899702E-02
 3.147000074E-02 5.917299911E-02 2.351400070E-02 4.838600010E-02 4.916099831E-02
 9.413699806E-02 3.440900147E-02 5.616899952E-02 6.236800179E-02 8.888299577E-03
 1.503100037E-03 3.058799915E-02 4.136700183E-03 4.312599823E-02 1.117900014E-02
 3.163599968E-02 2.710399963E-02 2.063800115E-03 1.997799985E-02 7.869699970E-03
 1.166899968E-02 2.774100006E-02 1.365999971E-02 1.785299927E-02 3.410700010E-03
 1.020099968E-02 3.901799908E-03 3.309200052E-03 5.129500059E-04
 8.244000435E+00 8.244000435E+00 8.244000435E+00 8.244000435E+00 8.244000435E+00
 8.244000435E+00 8.244000435E+00 8.244000435E+00 8.244000435E+00 8.244000435E+00
 8.244000435E+00 8.244000435E+00 8.244000435E+00 8.244000435E+00 8.244000435E+00
 8.244000435E+00 8.244000435E+00 8.244000435E+00 7.927100182E+00 8.022299767E+00
 7.872000217E+00 7.664299965E+00 7.925899982E+00 7.649799824E+00 8.136300087E+00
 7.835100174E+00 7.953100204E+00 7.803699970E+00 8.014900208E+00 8.242699623E+00
 7.653600216E+00 7.952199936E+00 7.984600067E+00 7.922200203E+00 7.804699898E+00
 7.725100040E+00 7.732699871E+00 7.995100021E+00 7.951600075E+00 7.637499809E+00
 7.878099918E+00 7.951799870E+00 7.967100143E+00 8.083600044E+00 7.978000164E+00
 7.965700150E+00 7.915100098E+00 8.008500099E+00 8.129300117E+00 8.244000435E+00
 7.751299858E+00 7.644800186E+00 7.845200062E+00 7.939599991E+00 8.171500206E+00
 8.082799911E+00 8.027700424E+00 7.961500168E+00 7.935599804E+00 7.937900066E+00
 8.086899757E+00 7.967500210E+00 7.727499962E+00 7.995299816E+00 7.957900047E+00
 7.833700180E+00 7.834599972E+00 7.905399799E+00 7.782299995E+00 8.239100456E+00
 7.988200188E+00 8.022800446E+00 7.783400059E+00 7.819399834E+00 7.900899887E+00
 8.083100319E+00 8.052900314E+00 7.831699848E+00 8.154000282E+00 8.031200409E+00
 7.786399841E+00 7.975900173E+00 8.204099655E+00 7.976500034E+00 7.972199917E+00
 8.020500183E+00 7.936900139E+00 8.003700256E+00 8.027899742E+00 7.905099869E+00
 8.186499596E+00 7.985799789E+00 7.944099903E+00 8.007699966E+00 7.918300152E+00
 8.003299713E+00 7.943299770E+00 7.876900196E+00 7.978400230E+00 8.174799919E+00
 8.012200356E+00 7.979599953E+00 8.063500404E+00 7.987800121E+00 8.111800194E+00
 8.034199715E+00 8.075400352E+00 8.005800247E+00 8.092800140E+00 8.037599564E+00
 7.998899937E+00 8.111300468E+00 8.035599709E+00 8.020400047E+00 8.032500267E+00
 8.048700333E+00 8.061800003E+00 8.042499542E+00 8.001700401E+00 8.094400406E+00
 8.087699890E+00 8.084500313E+00 8.074999809E+00 8.052200317E+00 8.068599701E+00
 8.108699799E+00 8.074299812E+00 8.095000267E+00 8.092200279E+00 8.028100014E+00
 8.060899734E+00 8.064499855E+00 8.072600365E+00 8.089500427E+00 8.069999695E+00
 8.063199997E+00 8.081999779E+00 8.077599525E+00 8.083100319E+00 8.066800117E+00
 8.083200455E+00 8.080900192E+00 8.081600189E+00 8.083100319E+00
 -3.406200027E+01 -3.352600098E+01 -3.133699989E+01 -8.934599876E+00 -2.703800049E+02
 -3.311399841E+01 -2.398399963E+02 -4.324700012E+02 -5.827600098E+01 -3.636199951E+02
 -3.492200012E+02 -1.366100006E+02 -3.642300110E+02 -1.948099976E+02 -7.639299774E+01
 3.593200073E+02 8.039199829E+02 5.994500122E+02 -2.506500000E+03 -8.278499756E+02
 3.128800049E+03 -1.922599945E+02 3.166199951E+03 6.513600098E+03 1.921100020E+00
 6.803899902E+03 9.239900391E+03 6.870100098E+03 7.186399902E+03 5.433200195E+03
 5.772200195E+03 9.043799805E+03 7.842200195E+03 7.985399902E+03 8.001399902E+03
 6.168600098E+03 7.205600098E+03 9.261900391E+03 8.578200195E+03 6.515399902E+03
 7.595399902E+03 9.175599609E+03 7.664899902E+03 7.707299805E+03 8.436400391E+03
 8.758000000E+03 8.190899902E+03 8.235099609E+03 8.879200195E+03 6.085899902E+03
 6.646100098E+03 4.551000000E+03 8.149700195E+03 8.081500000E+03 9.438000000E+03
 8.185899902E+03 8.617799805E+03 8.417599609E+03 7.554500000E+03 9.005900391E+03
 9.493700195E+03 8.057399902E+03 6.142200195E+03 9.100400391E+03 8.603299805E+03
 8.172200195E+03 6.925200195E+03 7.634799805E+03 7.259799805E+03 7.140600098E+03
 7.711899902E+03 8.345099609E+03 6.537500000E+03 6.341100098E+03 8.641599609E+03
 7.674799805E+03 9.006099609E+03 7.663000000E+03 8.435099609E+03 8.800200195E+03
 5.583399902E+03 9.032400391E+03 9.229500000E+03 8.513400391E+03 8.362200195E+03
 9.348599609E+03 6.472899902E+03 9.506099609E+03 9.602099609E+03 8.222599609E+03
 9.083599609E+03 8.716799805E+03 7.775100098E+03 8.567000000E+03 6.157600098E+03
 8.799400391E+03 8.368900391E+03 5.085399902E+03 8.843299805E+03 8.958099609E+03
 9.280400391E+03 7.750399902E+03 9.817799805E+03 8.885799805E+03 8.647500000E+03
 8.383299805E+03 9.656799805E+03 9.234500000E+03 8.716099609E+03 8.442099609E+03
 7.811200195E+03 9.789799805E+03 9.262500000E+03 8.633099609E+03 8.694299805E+03
 9.540400391E+03 9.123299805E+03 9.478599609E+03 7.722799805E+03 9.315700195E+03
 7.372299805E+03 9.604700195E+03 8.938700195E+03 8.070299805E+03 9.836099609E+03
 9.712099609E+03 9.503500000E+03 9.834099609E+03 8.767000000E+03 7.592200195E+03
 8.851299805E+03 8.878000000E+03 9.832799805E+03 9.348599609E+03 9.572900391E+03
 9.003700195E+03 7.299600098E+03 9.252299805E+03 8.515400391E+03 7.426100098E+03
 8.180600098E+03 9.417799805E+03 9.129200195E+03 7.891899902E+03
 4.761599936E-03 4.708100110E-03 0.000000000E+00 3.663499956E-04 6.482400000E-03
 -6.866999902E-03 -7.121399976E-03 1.030599978E-02 -1.156899985E-02 1.024500001E-02
 8.782600053E-03 0.000000000E+00 -8.590400219E-03 0.000000000E+00 0.000000000E+00
 0.000000000E+00 1.385900006E-02 -1.376799960E-02 -1.017099976E+03 -2.528100098E+03
 -9.177800293E+02 -4.132700195E+03 -7.271199951E+02 -5.447200195E+03 -1.519000000E+03
 -3.294000000E+03 -1.754800049E+03 -3.760500000E+03 -8.832399902E+02 -5.733800125E+01
 -5.948600098E+03 -1.831400024E+03 -1.351800049E+03 -2.238300049E+03 -3.955399902E+03
 -5.202500000E+03 -5.151899902E+03 -1.280099976E+03 -1.982599976E+03 -6.741700195E+03
 -3.106800049E+03 -2.017500000E+03 -1.818699951E+03 2.408799934E+01 -1.699199951E+03
 -1.889300049E+03 -2.681699951E+03 -1.227300049E+03 7.681599731E+02 4.708899930E-02
 -5.591000000E+03 -7.636399902E+03 -4.147200195E+03 -2.506100098E+03 1.577099976E+03
 5.082600117E-01 -1.008599976E+03 -2.236600098E+03 -2.781000000E+03 -2.730000000E+03
 4.592800140E+01 -2.253300049E+03 -7.041500000E+03 -1.833000000E+03 -2.612899902E+03
 -5.159200195E+03 -5.167200195E+03 -3.701399902E+03 -6.403100098E+03 -7.277299805E+02
 -2.089199951E+03 -1.432300049E+03 -6.747399902E+03 -6.112899902E+03 -4.270200195E+03
 1.037799954E+00 -7.253699951E+02 -6.117399902E+03 1.743099976E+03 -1.313400024E+03
 -7.582899902E+03 -2.790199951E+03 3.194100098E+03 -2.873500000E+03 -3.027800049E+03
 -1.745199951E+03 -4.065100098E+03 -2.295600098E+03 -1.637000000E+03 -5.309799805E+03
 3.120000000E+03 -3.037899902E+03 -4.413000000E+03 -2.427199951E+03 -5.394899902E+03
 -2.682800049E+03 -4.828299805E+03 -7.203799805E+03 -3.716899902E+03 3.324000000E+03
 -2.682500000E+03 -4.004699951E+03 -7.815800171E+02 -3.815500000E+03 1.160500000E+03
 -2.119000000E+03 -3.528099976E+02 -3.447699951E+03 4.299299927E+02 -2.164100098E+03
 -4.193299805E+03 1.400500000E+03 -2.442000000E+03 -3.415399902E+03 -2.818899902E+03
 -1.987699951E+03 -1.285599976E+03 -2.490000000E+03 -5.308600098E+03 7.464199829E+02
 2.980599976E+02 8.707900238E+01 -6.280499878E+02 -2.568600098E+03 -1.230699951E+03
 2.079899902E+03 -8.241500244E+02 1.390699951E+03 9.548800049E+02 -6.272299805E+03
 -2.622199951E+03 -2.554000000E+03 -1.598699951E+03 1.023599976E+03 -2.386500000E+03
 -3.707199951E+03 -3.082900085E+02 -1.435099976E+03 -4.829899979E+01 -6.541700195E+03
 -5.247499847E+01 -1.753900024E+03 -1.855500000E+03 -2.080100098E+03
 4.677999878E+02 4.677399902E+02 4.600400085E+02 4.658500061E+02 4.623999939E+02
 4.631199951E+02 4.632600098E+02 4.656099854E+02 4.629100037E+02 4.641199951E+02
 4.632900085E+02 4.634299927E+02 4.570199890E+02 4.496099854E+02 4.602600098E+02
 4.365100098E+02 4.220799866E+02 4.579400024E+02 4.873099976E+02 5.000499878E+02
 4.282799988E+02 4.878399963E+02 4.037900085E+02 3.503999939E+02 4.602799988E+02
 3.503800049E+02 3.503699951E+02 3.503699951E+02 3.503699951E+02 3.506099854E+02
 3.503699951E+02 3.503599854E+02 3.503599854E+02 3.503599854E+02 3.503599854E+02
 3.503500061E+02 3.503599854E+02 3.503500061E+02 3.503399963E+02 3.503399963E+02
 3.503500061E+02 3.503299866E+02 3.503200073E+02 3.503200073E+02 3.503200073E+02
 3.503299866E+02 3.503200073E+02 3.503200073E+02 3.503200073E+02 3.716700134E+02
 3.503200073E+02 3.502799988E+02 3.502900085E+02 3.502999878E+02 3.502900085E+02
 3.502900085E+02 3.502799988E+02 3.502900085E+02 3.502799988E+02 3.502799988E+02
 3.502799988E+02 3.502699890E+02 3.502500000E+02 3.502500000E+02 3.502500000E+02
 3.502500000E+02 3.502500000E+02 3.502500000E+02 3.502399902E+02 3.508599854E+02
 3.502399902E+02 3.502300110E+02 3.502300110E+02 3.502300110E+02 3.502300110E+02
 3.502099915E+02 3.502099915E+02 3.502000122E+02 3.502099915E+02 3.502000122E+02
 3.502000122E+02 3.502000122E+02 3.502000122E+02 3.502000122E+02 3.502000122E+02
 3.501900024E+02 3.501900024E+02 3.501799927E+02 3.501799927E+02 3.501700134E+02
 3.501700134E+02 3.501600037E+02 3.501700134E+02 3.501499939E+02 3.501600037E+02
 3.501600037E+02 3.501499939E+02 3.501499939E+02 3.501499939E+02 3.501499939E+02
 3.501300049E+02 3.501400146E+02 3.501300049E+02 3.501300049E+02 3.501300049E+02
 3.501199951E+02 3.501199951E+02 3.501199951E+02 3.501099854E+02 3.501199951E+02
 3.501000061E+02 3.501000061E+02 3.501099854E+02 3.501000061E+02 3.501000061E+02
 3.500899963E+02 3.501000061E+02 3.500899963E+02 3.500899963E+02 3.500799866E+02
 3.500799866E+02 3.500700073E+02 3.500599976E+02 3.500700073E+02 3.500599976E+02
 3.500599976E+02 3.500599976E+02 3.500499878E+02 3.500499878E+02 3.500499878E+02
 3.500499878E+02 3.500400085E+02 3.500400085E+02 3.500299988E+02 3.500299988E+02
 3.500299988E+02 3.500199890E+02 3.500199890E+02 3.500199890E+02 3.500100098E+02
 3.500100098E+02 3.500100098E+02 3.500000000E+02 3.500000000E+02
